Dans tout ce document, Param=((1e-6,1e-6),200). J'ai d'abord pris to_OptC aléatoirement dans [0.5 , 1] puis dans [0 , 1], me rendant compte que cela donne de meilleurs résultats notamment pour m=2.
m=0 est pré-30juin, m>0 est post-30juin.

ratios = reverse(range(0.1,0.15,length=20)) ; pas = 0.002631578947368421, avec 4 points supplémentaires entre 0.12631578947368421 et 0.12894736842105264 pour différencier les abscisses de saut de 
m=2 et m=3.

rat:
0.15,
0.14736842105263157,
0.14473684210526316,
0.14210526315789473,
0.1394736842105263,
0.1368421052631579,
0.13421052631578947,
0.13157894736842105,
0.12894736842105264,
0.1286184210526316,
0.12828947368421054,
0.1273026315789474,
0.12697368421052632,
0.12631578947368421,
0.12368421052631579,
0.12105263157894737,
0.11842105263157894,
0.11578947368421053,
0.11315789473684211,
0.11052631578947368,
0.10789473684210527,
0.10526315789473684,
0.10263157894736842,
0.1











m=0

sw:
1.1205356833333728,
1.1220240349072466,
1.1235162739229119,
1.12501407525974,
1.1265160986584628,
1.1280074464991858,
1.1295193633754428,
1.1308924673713603,
1.1323622581829142,
1.131976553243082,
1.1323621334550402,
1.1324869773392507,
1.1327273149815844,
1.1337904728988661,
1.13498744393748,
1.136105050642452,
1.1371361624876748,
1.137643553811729,
1.1389907084851145,
1.0750497603655083,
1.077254475243811,
1.0794544025692634,
1.0816561661826265,
1.0836685360543887

versions:
("PRÉCÉDENTE", (1, 0, 0.6563571041894867))
("PRÉCÉDENTE", (1, 0, 0.6563571041894867))
("PRÉCÉDENTE", (1, 0, 0.6563571041894867))
("PRÉCÉDENTE", (1, 0, 0.6563571041894867))
("ALÉATOIRE", (1, 0, 0.6563571041894867))
("PRÉCÉDENTE", (1, 1, 0.7471763446151485))
("ALÉATOIRE", (1, 1, 0.7471763446151485))
("PRÉCÉDENTE", (1, 0, 0.9196783804260308))
("ALÉATOIRE", (1, 0, 0.9196783804260308))
("ALÉATOIRE", (true, false, 0.7390950359355504))
("ALÉATOIRE", (true, false, 0.7723897088905691))
("PRÉCÉDENTE", (true, false, 0.7723897088905691))
("ALÉATOIRE", (true, false, 0.7663664607514293))
("ALÉATOIRE", (0, 0, 0.9375969073880216))
("ALÉATOIRE", (0, 0, 0.9629278511447863))
("ALÉATOIRE", (0, 0, 0.9165713366900996))
("ALÉATOIRE", (0, 0, 0.8194665736951844))
("ALÉATOIRE", (0, 0, 0.6763504091694406))
("ALÉATOIRE", (0, 0, 0.6725069268047783))
("PRÉCÉDENTE", (0, 1, 0.9834277478365809))
("PRÉCÉDENTE", (0, 1, 0.9834277478365809))
("PRÉCÉDENTE", (0, 1, 0.9834277478365809))
("ALÉATOIRE", (0, 1, 0.9834277478365809))
("PRÉCÉDENTE", (0, 1, 0.6053686001497518))

saut:
M1[0|0] = [0.9779301608602327 0.1469092461440381; 0.1469092461440381 0.02207266675983717]
M1[1|0] = [0.02206983890770131 -0.14690924595091046; -0.14690924595091046 0.9779273321305441]
M1[0|1] = [0.7675805196568654 -0.42237628198114113; -0.42237628198114113 0.2324210959748932]
M1[1|1] = [0.23241948170952434 0.42237628150205375; 0.42237628150205375 0.7675789047729374]

M2[0|0] = [0.44588154639111405 -0.4970616034919157; -0.4970616034919157 0.5541218538231744]
M2[1|0] = [0.5541184520218788 0.4970616020646719; 0.4970616020646719 0.44587814500253165]
M2[0|1] = [0.0055174690275673075 -0.07406888400743335; -0.07406888400743335 0.9944846989406654]
M2[1|1] = [0.9944825304277914 0.07406888347712809; 0.07406888347712809 0.0055153021999214125]

M3[0|0] = [0.13844423218724894 -0.34536087814924193; -0.34536087814924193 0.8615608874721704]
M3[1|0] = [0.8615557646417247 0.3453608774971893; 0.3453608774971893 0.13843911080130955]
M3[0|1] = [0.7426167903419281 -0.43719326730627434; -0.43719326730627434 0.25738591011913026]
M3[1|1] = [0.25738321127659064 0.43719326658362917; 0.43719326658362917 0.7426140903312721]

rho = 
  0.194581     0.123516     0.0470568    0.110569     0.033726     0.289638   -0.204769   -0.00785692
  0.123516     0.078403     0.0298711    0.0701879    0.0214112    0.183856   -0.129981   -0.00498525
  0.0470568    0.0298711    0.011378     0.0267407    0.00815354   0.0700426  -0.0495192  -0.0019019
  0.110569     0.0701879    0.0267407    0.0628292    0.0191642    0.164586   -0.116359   -0.00446444
  0.033726     0.0214112    0.00815354   0.0191642    0.00584806   0.0502031  -0.035492   -0.00136564
  0.289638     0.183856     0.0700426    0.164586     0.0502031    0.431145   -0.304808   -0.0116941
 -0.204769    -0.129981    -0.0495192   -0.116359    -0.035492    -0.304808    0.215498    0.0082696
 -0.00785692  -0.00498525  -0.0019019   -0.00446444  -0.00136564  -0.0116941   0.0082696   0.000318048

m=1

sw:
1.1122203161235604,
1.1134845804851936,
1.1147401254724287,
1.1159921384543778,
1.117300694154737,
1.1185787508480263,
1.1198369752697794,
1.1210888980692744,
1.1223482237316675,
1.1225606843108904,
1.1227132074522514,
1.1231942094952425,
1.1233498452581874,
1.1236158966786887,
1.1249357382060734,
1.1262140284352162,
1.127494774465676,
1.0705271244668646,
1.0728662546565748,
1.0750754859020422,
1.0772392784438771,
1.079456705906567,
1.0816019747212278,
1.0840200125930006

versions:
("QSOL DEMANDÉE", (true, false, 0.0))
("PRÉCÉDENTE", (true, false, 0.0))
("PRÉCÉDENTE", (true, false, 0.0))
("QSOL DEMANDÉE", (true, false, 0.0))
("QSOL DEMANDÉE", (true, false, 0.0))
("PRÉCÉDENTE", (true, false, 0.0))
("QSOL DEMANDÉE", (true, false, 0.0))
("PRÉCÉDENTE", (true, false, 0.0))
("PRÉCÉDENTE", (true, false, 0.0))
("ALÉATOIRE", (true, false, 0.5652125501379301))
("PRÉCÉDENTE", (true, false, 0.5652125501379301))
("ALÉATOIRE", (true, false, 0.9611468028967566))
("PRÉCÉDENTE", (true, false, 0.9611468028967566))
("ALÉATOIRE", (true, false, 0.27889540939509005))
("ALÉATOIRE", (true, false, 0.24153169210146486))
("PRÉCÉDENTE", (true, false, 0.24153169210146486))
("PRÉCÉDENTE", (true, false, 0.24153169210146486))
("QSOL DEMANDÉE", (false, false, 0.0))
("QSOL DEMANDÉE", (false, false, 0.0))
("QSOL DEMANDÉE", (false, false, 0.0))
("PRÉCÉDENTE", (false, false, 0.0))
("QSOL DEMANDÉE", (false, false, 1.0))
("QSOL DEMANDÉE", (true, false, 1.0))
("QSOL DEMANDÉE", (true, false, 0.0))

saut: 
M1[0|0] = [0.36917184016312465 -0.48259874547968057; -0.48259874547968057 0.6308683596600243]
M1[1|0] = [0.6308281794565584 0.4825987148390508; 0.4825987148390508 0.36913167168375594]
M1[0|1] = [0.8573967519541685 -0.3496645095899877; -0.3496645095899877 0.14259846275689886]
M1[1|1] = [0.14260324548133363 0.34966451223525097; 0.34966451223525097 0.8574015385046463]

M2[0|0] = [0.2635687506876654 0.4405741108558669; 0.4405741108558669 0.7364450296607398]
M2[1|0] = [0.7364312552642629 -0.44057410123208207; -0.44057410123208207 0.26355498350844514]
M2[0|1] = [0.027590434003266284 -0.1637610813311385; -0.1637610813311385 0.9724371010032827]
M2[1|1] = [0.9724095531297277 0.1637610742096352; 0.1637610742096352 0.027562915214758954]

M3[0|0] = [0.13764913629532752 0.34453650833764055; 0.34453650833764055 0.8623645798408542]
M3[1|0] = [0.8623508677169042 -0.34453650082682225; -0.34453650082682225 0.13763543523156604]
M3[0|1] = [0.10280717237373023 -0.303691291619631; -0.303691291619631 0.8972203789917733]
M3[1|1] = [0.8971928170524566 0.3036912783997114; 0.3036912783997114 0.10277963490580343]

rho = 
  0.00215767  -0.0195319  -0.0203386   0.0028782   -0.0320125  -0.0125994  -0.00913837   0.0105
 -0.0195319    0.174643    0.181896   -0.0258329    0.286248    0.112474    0.0815244   -0.0939157
 -0.0203386    0.181896    0.189385   -0.0269048    0.298082    0.117142    0.0848819   -0.0977993
  0.0028782   -0.0258329  -0.0269048   0.00382341  -0.0423477  -0.0166298  -0.0120494    0.0138827
 -0.0320125    0.286248    0.298082   -0.0423477    0.469044    0.184338    0.133597    -0.153911
 -0.0125994    0.112474    0.117142   -0.0166298    0.184338    0.0724257   0.0525139   -0.0604743
 -0.00913837   0.0815244   0.0848819  -0.0120494    0.133597    0.0525139   0.0380311   -0.0438285
  0.0105      -0.0939157  -0.0977993   0.0138827   -0.153911   -0.0604743  -0.0438285    0.0504898

m=2

sw:
1.1064320639282315,
1.1075497334687174,
1.1086654543923946,
1.109771265150064,
1.1109049126412662,
1.112017465739427,
1.1128300324541274,
1.1133299370467589,
1.112736023548677,
1.1126917060822357,
1.1125568816405704,
1.0610808227782544,
1.0613385427325772,
1.0618595556729047,
1.0639889810393355,
1.0662818166456387,
1.0684503856612537,
1.0706554327026185,
1.0728717377420312,
1.0750619619481174,
1.0771833221507872,
1.0793789748511664,
1.081569937042021,
1.0839686689704369

versions:
("QSOL DEMANDÉE", (true, false, 0.0))
("QSOL DEMANDÉE", (true, false, 0.0))
("QSOL DEMANDÉE", (true, false, 0.0))
("QSOL DEMANDÉE", (true, false, 0.0))
("QSOL DEMANDÉE", (true, false, 0.0))
("QSOL DEMANDÉE", (true, false, 0.0))
("QSOL DEMANDÉE", (true, false, 0.7272727272727273))
("QSOL DEMANDÉE", (true, false, 0.5454545454545454))
("QSOL DEMANDÉE", (true, false, 0.2727272727272727))
("ALÉATOIRE", (true, false, 0.2769980455492982))
("ALÉATOIRE", (true, false, 0.24960894121999566))
("ALÉATOIRE", (true, true, 0.4983688806991782))
("PRÉCÉDENTE", (true, true, 0.4983688806991782))
("QSOL DEMANDÉE", (false, false, 0.18181818181818182))
("QSOL DEMANDÉE", (false, false, 0.36363636363636365))
("QSOL DEMANDÉE", (false, false, 0.2727272727272727))
("QSOL DEMANDÉE", (false, false, 0.36363636363636365))
("QSOL DEMANDÉE", (false, false, 0.2727272727272727))
("PRÉCÉDENTE", (false, false, 0.2727272727272727))
("PRÉCÉDENTE", (false, false, 0.2727272727272727))
("QSOL DEMANDÉE", (false, false, 0.2727272727272727))
("QSOL DEMANDÉE", (false, false, 0.09090909090909091))
("QSOL DEMANDÉE", (false, false, 0.0))
("QSOL DEMANDÉE", (false, false, 0.45454545454545453))

saut: 
Le saut est entre 
    rat=0.12697368421052632, sw=1.0614235039289242 (200 essais)
    rat=0.1273026315789474, sw=1.112412420915196

M1[0|0] = [0.351819345331086 0.47754059267470994; 0.47754059267470994 0.6481855899110556]
M1[1|0] = [0.6481806574835292 -0.47754058895538676; -0.47754058895538676 0.3518144145430414]
M1[0|1] = [0.006938675160782909 0.08300505870068013; 0.08300505870068013 0.9930466118158885]
M1[1|1] = [0.9930613240655256 -0.0830050606306609; -0.0830050606306609 0.006953371195953095]

M2[0|0] = [0.0002460389892027732 -0.015740682579293765; -0.015740682579293765 0.9997578277520833]
M2[1|0] = [0.9997539630119178 0.015740682476683948; 0.015740682476683948 0.00024217856124557176]
M2[0|1] = [0.2895313650845377 -0.45354293941105095; -0.45354293941105095 0.7104609301021843]
M2[1|1] = [0.7104686329530796 0.45354294493393826; 0.45354294493393826 0.28953906430540427]

M3[0|0] = [0.10241329706488138 0.3029371757694598; 0.3029371757694598 0.8977397245843214]
M3[1|0] = [0.8975864603257111 -0.3029369635846811; -0.3029369635846811 0.10226009479303316]
M3[0|1] = [0.6278196170862391 0.4834917534808872; 0.4834917534808872 0.3718939009594222]
M3[1|1] = [0.3721803794206112 -0.48349175215392454; -0.48349175215392454 0.6281060888835124]


rho = 
  0.00475912  -0.042704    0.0325618   -0.0211274   0.0328398   -0.0012976    -0.00511308   0.0168441
 -0.042704     0.3845     -0.293163     0.190122   -0.295688     0.0115394     0.0461322   -0.151683
  0.0325618   -0.293163    0.223561    -0.144975    0.225463    -0.00880409   -0.0351859    0.115661
 -0.0211274    0.190122   -0.144975     0.0940149  -0.146209     0.0057001     0.0228211   -0.0750125
  0.0328398   -0.295688    0.225463    -0.146209    0.227426    -0.00888376   -0.0354795    0.116656
 -0.0012976    0.0115394  -0.00880409   0.0057001  -0.00888376   0.000355091   0.00139349  -0.00455272
 -0.00511308   0.0461322  -0.0351859    0.0228211  -0.0354795    0.00139349    0.00553829  -0.0182083
  0.0168441   -0.151683    0.115661    -0.0750125   0.116656    -0.00455272   -0.0182083    0.0598448


m=3

sw:
1.1013004260528365,
1.1023174845307384,
1.103337275248419,
1.104337548372882,
1.1053290934744333,
1.1063328423809546,
1.1072449144237557,
1.108238804652209,
1.1092293256884709,
1.109561672462693,
1.0600898533714025,
1.0609421539740742,
1.0612563555053347,
1.0617232711230546,
1.0639573844330887,
1.0661494054527687,
1.0683436263320054,
1.0705378491768194,
1.0727586157929023,
1.074952721428508,
1.0771469132997478,
1.0793411046092887,
1.0815352697485556,
1.0837965748795544

versions:
("ALÉATOIRE", (false, false, 0.2005229876346376))
("PRÉCÉDENTE", (false, false, 0.2005229876346376))
("PRÉCÉDENTE", (false, false, 0.2005229876346376))
("PRÉCÉDENTE", (false, false, 0.2005229876346376))
("ALÉATOIRE", (false, false, 0.6354857823490373))
("PRÉCÉDENTE", (false, false, 0.6354857823490373))
("PRÉCÉDENTE", (false, false, 0.6354857823490373))
("PRÉCÉDENTE", (false, false, 0.6354857823490373))
("PRÉCÉDENTE", (false, false, 0.6354857823490373))
("ALÉATOIRE", (false, false, 0.6280785420603778))
("ALÉATOIRE", (false, true, 0.224706526340549))
("ALÉATOIRE", (true, false, 0.18791067088509128))
("ALÉATOIRE", (true, false, 0.26872908781890203))
("ALÉATOIRE", (true, false, 0.30327149006419973))
("ALÉATOIRE", (false, false, 0.4668942225350976))
("ALÉATOIRE", (true, true, 0.7708609038585837))
("PRÉCÉDENTE", (true, true, 0.7708609038585837))
("PRÉCÉDENTE", (true, true, 0.7708609038585837))
("ALÉATOIRE", (true, false, 0.9563591915910933))
("PRÉCÉDENTE", (true, false, 0.9563591915910933))
("PRÉCÉDENTE", (true, false, 0.9563591915910933))
("PRÉCÉDENTE", (true, false, 0.9563591915910933))
("PRÉCÉDENTE", (true, false, 0.9563591915910933))
("ALÉATOIRE", (true, true, 0.6948765503621392))

saut:
Le saut est entre 
    rat=0.12828947368421054 ; sw=1.0606401454949337 (après 200 essais)
    rat=0.1286184210526316 ; sw=1.109400895452856

M1[0|0] = [0.2253744862111337 0.41783768781026415; 0.41783768781026415 0.7746236059739112]
M1[1|0] = [0.7746255221829675 -0.4178376890773428; -0.4178376890773428 0.2253764012563643]
M1[0|1] = [0.7534225288722015 0.4310073474914689; 0.4310073474914689 0.24655471171298363]
M1[1|1] = [0.24657746025493407 -0.431007362995625; -0.431007362995625 0.7534452903811835]

M2[0|0] = [0.0666842065947491 -0.249491080858906; -0.249491080858906 0.9333137074289083]
M2[1|0] = [0.9333158027747435 0.2494910816842379; 0.2494910816842379 0.06668629991050454]
M2[0|1] = [0.5323454802466565 -0.49892853642302293; -0.49892853642302293 0.4675942196917122]
M2[1|1] = [0.46765449278292676 0.4989285840475013; 0.4989285840475013 0.5324057577173359]

M3[0|0] = [0.22203248044850987 -0.41562256266578024; -0.41562256266578024 0.7779653840121584]
M3[1|0] = [0.7779675285624321 0.41562256407403475; 0.41562256407403475 0.2220346236658455]
M3[0|1] = [0.004137822500912453 0.06425508915823286; 0.06425508915823286 0.9958034371813274]
M3[1|1] = [0.9958621864664343 -0.06425509512210345; -0.06425509512210345 0.004196506561281306]

rho =  
  0.036925    0.0848068  -0.0767574   0.0278907   0.0925629  -0.0417676   0.103378    0.0266444
  0.0848068   0.194741   -0.176261    0.0640307   0.212556   -0.0958926   0.237378    0.0611942
 -0.0767574  -0.176261    0.159519   -0.0579568  -0.192381    0.0867912  -0.214837   -0.0553858
  0.0278907   0.0640307  -0.0579568   0.0210551   0.0698872  -0.031535    0.0780552   0.020123
  0.0925629   0.212556   -0.192381    0.0698872   0.23198    -0.104666    0.259077    0.0667913
 -0.0417676  -0.0958926   0.0867912  -0.031535   -0.104666    0.0472186  -0.116893   -0.0301339
  0.103378    0.237378   -0.214837    0.0780552   0.259077   -0.116893    0.289333    0.0745847
  0.0266444   0.0611942  -0.0553858   0.020123    0.0667913  -0.0301339   0.0745847   0.0192283










